17.35
0
2.22
0
0
0
1.777
0
32.95
0
22.29
0
0
0
16.4
0
0
0
82.61
0
0
0
136.7
0
81.64
0
145.9
0
0
0
0
0
308.4
0
284
0
0
0
206.5
3.246
423.8
120.2
52.08
0
0
0
201.6
0
0
0
0
0
0
0
217.9
0
18.59
0
0
0
0
0
0
0
36.7
0
7.646
0
0
0
4.192
0
0
0
72
0
0
0
51.25
0
89.58
0
0
0
0
0
100.7
0
0
0
0
0
0
0
0
0
0
0
70.08
0
0
0
21.15
0
100.7
0
0
0
0
0
0
0
16.02
0
8.997
0
0
0
0
0
31.59
0
19.72
0
0
0
16.68
0
16.3
0
63.67
11.76
0
0
82.98
0
59.26
0
109.4
0
0
0
24.34
0
0
0
0
0
0
0
0
0
0
0
0
0
0
0
0
0
0
0
0
0
0
0
67.17
0
22.14
0
32.56
0
0
0
0
0
0
0
77.07
0
0
0
0
0
187.1
0
301.1
0
0
0
53.9
0
0
0
0
0
0
0
281.4
49.58
236.7
0
28.48
0
0
0
183
0
100.1
0
298.2
0
0
0
30.16
0
12.52
0
88.09
0
0
0
0
0
22.53
0
86.86
0
0
0
0
0
0
0
426.8
0
0
0
0
0
57.1
0
0
0
0
0
66.08
0
0
0
0
0
0
0
153.4
0
44.77
0
0
0
0
0
42.49
0
0
0
87.73
0
0
0
37.65
0
0
0
79.99
0
0
0
35.9
0
20.81
0
0
0
0
0
0
0
0
0
19.28
0
0
0
0
0
69.14
0
0
0
0
0
23.58
0
88.43
0
74.54
0
0
0
164.9
0
0
0
0
0
0
0
29.32
0
21.88
0
80.36
0
0
0
19.63
0
0
0
82.9
0
0
0
0
0
0.2818
0
115.2
0
0
0
1.964
0
0
0
0
0
0
0
61.57
0
247.4
0
56.05
0
0
0
0
10.49
0
0
110.4
0
0
0
261.2
0
0
0
47.62
0
0
0
0
0
53.68
0
101.9
0
0
0
114.1
0
10.25
0
100.4
0
0
0
0
0
